12
0
11 7 7760 5 7642 11 7489 4 7308 6 7180 10 6753 9 6682 2 6020 8 5446 3 5041 1 4717 
1
11 3 6726 8 6423 2 6193 9 5829 4 5443 5 5083 0 4717 7 4506 11 4349 6 4168 10 3974 
2
11 9 7493 8 7449 4 6996 3 6722 5 6592 1 6193 0 6020 7 5784 11 5565 6 5285 10 5074 
3
11 8 6914 1 6726 2 6722 9 6297 4 5848 5 5481 0 5041 7 4831 11 4645 6 4435 10 4257 
4
11 5 7868 9 7769 0 7308 2 6996 7 6913 11 6554 8 6309 6 6251 10 5914 3 5848 1 5443 
5
11 4 7868 0 7642 9 7282 7 7196 11 6871 6 6607 2 6592 10 6208 8 5939 3 5481 1 5083 
6
11 11 8003 10 7626 7 7520 0 7180 5 6607 4 6251 9 5816 2 5285 8 4716 3 4435 1 4168 
7
11 11 7974 0 7760 6 7520 5 7196 10 7195 4 6913 9 6373 2 5784 8 5224 3 4831 1 4506 
8
11 2 7449 3 6914 9 6757 1 6423 4 6309 5 5939 0 5446 7 5224 11 4979 6 4716 10 4515 
9
11 4 7769 2 7493 5 7282 8 6757 0 6682 7 6373 3 6297 11 6140 1 5829 6 5816 10 5530 
10
11 11 7627 6 7626 7 7195 0 6753 5 6208 4 5914 9 5530 2 5074 8 4515 3 4257 1 3974 
11
11 6 8003 7 7974 10 7627 0 7489 5 6871 4 6554 9 6140 2 5565 8 4979 3 4645 1 4349 
